7540
5163
2829
5120
4674
5997
3554
2318
6661
1757
170
652
5918
2991
7708
1778
4682
7147
6076
3028
6153
5767
7065
7332
5489
3973
673
4737
7015
6369
5278
1351
1653
7501
6920
2624
4010
3817
2715
3176
7068
565
1502
3995
6131
3946
4291
5837
6771
3471
4284
4848
4227
3998
6791
5967
3499
6442
2424
2029
6591
6573
394
2811
6265
3356
254
5533
4356
629
2417
4470
3984
154
6285
3486
1522
3019
1424
764
4764
5835
1716
1735
2669
3711
2232
1495
5584
2885
1910
5649
5509
4677
7131
5124
3201
1782
5577
4931
4426
3173
5700
3783
1954
5358
6989
1774
461
4629
3890
6221
1067
7608
2268
5215
1849
2187
4787
6102
5198
1472
503
3497
2643
5444
839
2541
2964
1099
2997
3675
7416
2695
7075
1666
3458
660
3901
6022
972
7579
3536
6816
3635
5973
4887
6526
4293
7082
607
6264
4341
1717
4479
631
739
7759
2119
7761
5315
5602
4482
960
6296
805
4515
7668
5145
6156
7414
1007
4509
4188
6184
2184
6557
6008
966
4600
1750
7123
1424
2698
5003
3310
7087
5137
4955
7430
5017
4206
4731
2438
2360
2450
860
3762
655
6290
4891
1339
4742
3178
4113
3263
5964
2419
1902
2447
3259
7082
3745
6518
998
4403
5613
1367
6981
3585
5507
2429
2345
1140
5723
3653
5721
5400
3745
4651
4884
3420
282
568
3821
5141
5295
3046
4261
3850
3386
5211
1298
524
2596
2522
4369
4017
6395
3098
4690
7721
2761
4497
3131
1065
5266
1739
5269
1546
420
3974
1311
1583
5703
4132
2763
1100
5757
3552
7198
3493
193
3722
2753
2507
3234
3377
1620
603
4178
7569
4347
5193
876
6539
7200
7755
650
5914
2726
1661
7036
2583
3166
1227
6398
7673
5383
3824
46
7770
5516
1620
388
6110
1310
5158
5059
4970
6674
3739
3888
6872
1221
4845
5009
3035
3007
1012
3317
7450
7585
110
4474
1915
3087
830
1147
3866
1162
2588
5269
36
2980
4117
4485
1646
7158
602
1921
84
1707
7274
3940
4835
5624
1601
2621
5130
361
6478
354
2399
5093
7731
1353
7679
2066
7478
5228
3563
6842
5961
2863
6593
3857
5189
6389
5838
3985
6686
4138
805
1039
6604
6091
2700
5962
4807
2790
7642
852
7758
7521
5594
452
1379
4355
1964
4267
7386
2025
2541
2455
2241
2527
1121
2255
958
2265
5428
7480
3539
875
201
5081
1165
6970
2335
7034
1718
5183
5183
3178
249
7715
5385
3146
4014
851
4338
4964
1324
2675
6594
6770
4730
6657
1321
526
6737
3448
1605
3674
2615
6758
1595
3779
1565
6287
7533
7490
7774
3701
6859
607
3941
4300
2976
1937
3692
4378
272
6562
7762
7694
2229
493
6882
3613
2698
6194
4097
2846
7557
4341
3246
2203
2663
2317
6373
4497
3951
5865
5354
5341
6766
5566
165
6543
273
4424
3082
3551
5218
4408
6498
6669
1265
4452
6746
1482
2297
3525
494
7592
4254
5574
3906
4643
463
2985
6883
1600
7128
209
439
5945
7498
4146
6184
5473
2342
5052
1227
4926
3786
689
5531
4336
7695
5532
3484
5117
7401
4703
3128
1866
6108
1204
2077
2345
5732
1537
418
936
3605
751
6626
4505
7232
7727
3740
6280
7260
2129
4722
2623
1241
3663
1767
6974
4024
6483
971
2577
1975
5664
4262
7067
7099
491
2177
3586
343
1933
501
6345
6780
5041
7068
5470
934
3413
5438
4485
2806
5506
2240
3033
4552
553
2746
4067
7627
1255
6810
3710
6942
5989
5206
2165
5663
7336
4308
2859
5125
6684
1130
993
5865
1678
7090
5160
7366
1591
6207
3085
4975
7726
7368
7378
6864
1311
4421
3602
6593
4205
7316
2591
4888
3432
5101
3625
3372
3766
1062
211
5303
2240
132
5100
6246
6519
2502
5068
1329
5617
2591
4580
2235
275
2574
2694
2633
1607
6630
436
4480
4839
124
7667
5263
5858
5036
5498
4615
3817
1812
7612
1855
5540
7728
6475
1832
3039
7488
1495
3919
873
6001
5093
3824
7727
5920
4000
6192
1137
167
6058
6773
7526
2777
3518
5111
2260
290
1326
5611
2814
2849
7352
6031
4503
5304
1043
7703
708
5972
2073
252
5926
7143
2250
1566
3689
16
3781
7635
3369
7104
3648
7371
4533
2275
3670
4754
5616
3474
6194
7760
4823
551
6348
4249
6336
6045
7284
1407
5309
1435
3069
7417
3073
4397
5166
4618
177
7063
3766
2144
619
7170
3423
2323
2914
5040
3912
4554
397
1345
5055
4778
7716
4843
3596
6147
3117
3563
4024
2335
6170
5769
1344
1015
992
6708
3737
3293
3232
2800
685
3290
2776
2919
7724
3596
283
4513
3328
2187
799
4741
2311
1935
4196
2362
6866
790
6315
6823
5447
5295
7543
2157
5992
7474
90
7099
2262
5812
1987
7645
7658
5339
4700
2066
6383
2323
6659
2498
3608
2100
5840
1091
5433
1312
2648
5453
1433
3806
6357
1958
5021
5515
6899
2513
6855
514
4427
687
4597
4128
2842
1187
6231
7313
5041
6406
6282
2073
7416
2581
6087
2155
2973
25
964
3601
1732
4229
6931
4909
1131
384
2213
2271
1828
1191
4934
2271
6324
4440
1411
4911
3768
6105
4037
1597
2617
3444
5638
1605
3422
2861
2604
230
768
4905
4553
7026
360
4437
695
6346
3979
6019
6986
614
6063
7699
7457
4125
1995
4770
2315
5151
5938
3198
7547
987
5336
3500
2475
973
50
7413
2981
1339
1241
7465
2259
7266
299
7289
7006
613
3964
6590
2655
7289
783
6784
7072
6641
3189
192
83
1819
4379
298
7133
6935
1109
1743
2266
3787
3389
5951
1887
5822
1241
1679
4779
2271
5271
5101
6149
219
6742
696
3188
1408
3927
5306
3467
3651
2086
2940
3087
580
389
2293
1641
689
3537
1264
5323
3942
4213
3342
5645
5835
3482
5206
726
5849
4905
4441
1605
6711
4363
2301
6645
425
4785
6477
1330
7666
2208
3425
7604
4130
757
2809
4171
70
5139
7740
1134
7371
260
1758
6206
1788
2196
6722
7267
3940
1845
2881
378
640
2345
3215
4171
7544
1052
899
4090
3886
2572
2535
7217
7364
7641
1445
1824
6917
5356
7360
4660
7175
6261
1574
7289
3758
1755
6383
4261
5206
379
1014
3693
3004
6802
6322
1791
7755
2254
1624
7319
7757
1195
6772
4310
3263
3023
3778
5530
4634
549
1893
6260
1551
1185
1561
5459
6192
2148
5507
4649
3195
7121
6983
4152
2078
6614
1243
4432
849
3436
2681
3464
4454
6286
5693
4227
3404
1589
263
7183
1930
2086
3687
2460
3975
3220
2281
51
2009
1863
3835
556
1719
983
6266
1039
6176
1198
2979
4968
5301
2984
4967
1806
7473
4577
5507
3735
6969
4871
5664
3526
2236
887
2267
2562
2864
4196
991
4683
1116
6513
460
6770
6243
756
1748
6533
678
7772
1864
5490
5788
6268
4483
5300
6924
7323
6084
1036
7699
476
7395
5111
3766
6724
7510
7224
6817
639
5305
2073
2769
429
2319
3256
715
874
3500
64
7651
5346
7622
4702
3801
3427
1273
2650
5826
6787
3026
95
3799
2562
5505
3133
3011
2849
2210
1765
450
920
7260
1551
3451
1762
5260
6159
7065
4784
3286
5802
3085
5963
4728
2006
4106
2960
1818
2808
541
2621
3130
5401
6896
5201
438
6889
5559
6504
2327
6983
1363
4606
7247
974
5268
2792
5996
6733
5715
4278
7669
1629
6708
444
1867
6586
3203
585
3242
6935
2544
934
2709
3265
7283
308
2466
213
1456
5874
3290
4716
4369
4565
6118
4697
5416
1512
2190
7653
971
1987
1396
5673
6091
293
484
965
6957
3896
2091
7236
4339
5495
2624
3544
441
1791
4441
7440
2334
2909
2886
6460
3522
158
503
365
1722
3970
95
5019
1861
3168
496
2115
6665
752
2986
2887
3556
67
471
1029
2263
4958
1734
5698
948
2049
7323
564
4200
2592
3515
4513
2521
2081
742
7327
2583
1237
2544
5530
101
3990
4541
5666
1572
1138
2256
3906
4542
2689
5653
574
2318
6658
3731
1924
1014
4694
1263
1470
4204
6971
5494
3954
1795
1626
5354
6098
6323
2671
4505
4906
3489
3552
7522
4206
5224
771
3038
6298
2273
2762
3703
3699
5124
4201
2383
5738
1945
5168
7228
2039
5290
2305
3052
7143
5077
1590
5913
1655
501
4924
87
1472
4208
4630
1207
1207
6685
5515
1302
6663
3239
6602
4352
6858
5004
7198
3499
971
5794
924
4192
1549
4840
5405
2484
1287
2671
3823
2891
6676
625
1697
4886
2107
2562
7038
6003
6304
2318
2141
3263
97
1137
1230
5454
2297
7081
4783
1966
1763
2174
3937
2418
1937
2295
1990
4113
7401
5294
3987
5249
3061
7720
7000
4241
1135
4497
5274
985
1227
2696
5507
2376
1037
2467
6685
5350
2112
4063
6826
3297
1865
787
5020
2299
3701
6333
6460
6405
132
194
5170
2106
2276
5305
2511
2375
6022
4578
2121
5850
1645
2121
3586
3762
6902
7453
1370
4815
7533
2154
3385
238
3826
4694
2674
5977
6332
6583
5898
5009
5632
4493
7599
3710
6204
7425
7318
5217
4899
4952
3188
7605
1039
180
6403
6610
1752
4590
4313
2464
5089
6645
1847
1664
7488
5968
7079
58
1597
7109
2165
6162
293
1917
1660
39
4603
6109
1756
3021
4234
4218
4083
298
2712
1455
595
2899
3830
6056
7146
3085
1330
2191
5637
989
585
7625
7520
6663
2470
1101
438
3922
3094
98
7004
4270
5287
1002
4754
3308
547
6733
5188
1684
3825
5064
124
4101
5363
3445
766
3870
6655
1663
631
4636
1986
5729
497
4475
2695
7340
2514
2870
7696
2355
6091
6089
7580
6172
5261
1392
6717
1818
3507
4071
5355
3462
2588
6419
2915
3236
7261
1346
3265
4119
7562
21
5934
5554
4604
3665
3100
1202
999
4630
7039
6729
1579
2096
723
6898
526
1238
4560
2291
4345
3196
5180
2172
2813
7343
5539
5918
4319
7324
2204
5801
2144
6925
2266
5690
3880
6378
7437
758
1597
991
5453
5048
7039
6053
6652
2510
5116
5001
6439
6232
2279
168
1534
2125
5371
7407
1269
2634
2656
7764
6753
5812
2299
6175
6495
660
2367
4427
7197
760
7391
831
6626
1462
5984
3998
7739
6975
3460
6240
4253
2530
5297
3672
2930
2925
1041
1042
2522
1028
384
660
2699
2579
7531
6140
2567
5915
7131
2546
5945
7280
123
1419
4627
7684
7530
5879
4465
3344
5351
6249
4134
754
4884
5241
1775
7608
4422
7074
3171
6398
4844
169
2719
571
4321
2094
4360
235
5842
1078
1523
5778
119
1310
5227
3254
381
3157
4705
3693
6085
2962
2959
3707
4847
1448
1124
1665
1053
2764
6749
942
1373
3106
986
17
2529
3405
6514
7175
5025
4219
7773
6493
6552
4275
3625
4721
3452
7372
2956
711
2893
2966
3903
4309
3857
4718
5130
3551
2338
6381
5219
2738
5089
7233
5215
4655
5608
246
7352
584
649
3253
3014
7719
808
2603
230
6533
7029
2467
70
1462
1562
6093
4931
2928
5612
7747
407
3912
2203
1091
5533
6171
5175
7456
2271
4705
4052
5917
6680
3608
1619
896
3601
5282
1279
5884
3973
7501
2796
1396
5143
7222
1579
5345
2981
2380
6068
6518
2196
7409
2678
7384
6761
2085
7733
4948
1210
1206
3754
7572
5673
3990
1153
2857
2006
5454
2378
2496
3672
2298
5500
935
138
5498
2563
6052
2202
43
501
269
5898
2135
3424
4596
1683
3816
2243
1946
2107
5581
7607
341
4981
645
1060
3843
6654
6304
3879
5462
4702
4100
167
1904
3322
1453
4784
5936
6783
4308
6519
3389
3405
532
5746
966
6711
5197
3263
1695
3431
2781
909
7627
4926
6507
7244
2996
732
5809
2248
7682
2606
1148
5384
5348
2116
7066
7640
2171
2267
1478
5812
3157
5902
118
3880
7224
7405
6642
179
1857
5202
6329
6658
5921
3902
3783
328
6001
2735
1738
2296
5975
6458
6666
7695
4146
306
7486
2211
6023
7013
1441
2954
7184
7038
164
6323
3180
2309
4326
5528
826
4035
6941
4672
6891
6657
3252
1944
2186
7109
2738
6388
4491
6951
3822
4286
5012
4665
1775
663
6710
3267
2686
2938
5587
7003
394
5551
2268
1262
772
3596
5295
7292
5271
6147
5103
7445
1515
7260
6058
3303
87
637
1389
2001
7374
2331
7037
1505
5294
5291
5058
592
4989
4656
7309
302
1191
1113
208
5384
1873
5361
4070
235
454
7589
5245
6385
3421
5399
3841
7122
5093
4202
1543
5971
4797
2198
2860
4840
2041
6630
4158
2234
3647
6454
6735
1114
1394
2216
6077
3738
4207
3713
5343
2288
545
6863
532
695
4651
6077
3344
7173
486
6695
4744
7531
6327
7303
6357
1170
6396
6756
7596
2760
284
4286
1111
1228
5366
5919
4148
6120
7669
3912
1335
6301
4323
7488
7280
1356
589
6378
4369
1383
4130
7574
4364
4461
5593
2271
1860
4748
4831
1661
5801
5273
2981
1943
478
4457
4324
1484
5931
6972
2853
987
4170
6921
4989
7294
4001
1317
2030
2626
2465
3048
59
5863
409
2641
2503
4415
5452
1695
7019
4372
1066
7685
4084
6116
2875
1410
5829
4765
1859
978
7074
1262
1341
5297
4104
6419
4440
242
7163
4606
6549
4744
5168
6308
7488
6443
6707
5744
1123
4600
242
3812
5136
804
1786
2412
918
5171
6426
2110
3186
7552
5150
6373
5745
1782
771
7442
4017
4124
3730
1572
4314
5097
3225
6977
7158
4413
2217
3842
4551
3747
5422
3290
5478
5451
7160
1763
332
4023
4670
2063
6858
7018
1036
2538
1972
3862
6603
3767
5777
3676
5236
587
3738
1188
6760
3284
4075
801
1481
1051
1752
5486
5344
2510
5215
4749
1638
5561
7634
6181
3962
4359
3928
2353
5326
5631
2720
6520
4830
6787
5297
5357
668
1092
6809
4934
1835
4571
3196
3484
6178
6977
7576
6126
5608
4774
640
990
4380
2308
6432
1561
1334
6730
4280
383
1409
2639
1467
3389
5187
6864
651
2285
491
2936
4917
1773
5132
4899
5229
3307
3024
1524
6845
6309
6656
6587
1280
6550
4538
7426
3989
21
4924
6766
3787
1889
3021
3356
4149
1441
4052
4206
223
5575
3923
5061
7572
3313
3922
5278
906
3145
6284
2344
7567
7561
7431
4670
3091
3853
3408
2364
4180
2180
6298
2706
6665
4501
4905
4017
3773
4254
1484
4656
1144
7773
274
6545
7229
3412
574
5666
6838
7260
3090
7278
117
2672
5658
943
4218
2688
7029
2421
4048
45
4794
4837
5812
6711
1540
6732
2922
6591
1277
7614
4451
6722
445
6081
779
4878
2170
1742
6871
5956
7680
2327
5164
2681
6419
1577
4980
4371
4234
530
2304
3553
2255
6944
2800
1353
81
5291
2514
4214
5698
5534
879
408
1385
3801
1582
4044
5769
5881
5013
6067
2888
146
4236
3260
4033
6242
3757
1034
4027
874
324
3582
3141
7244
1396
1309
262
3452
7369
7243
1023
6657
1146
3351
4042
1556
7063
7082
6554
2919
7186
2302
6105
4087
5693
3253
3323
6976
445
6197
3979
6232
7307
7548
566
4931
1846
232
7393
7361
5785
6525
7748
7110
5768
2875
3154
5522
3518
4186
1630
110
5692
2210
6951
2770
1114
1502
6414
578
3583
3813
2382
1840
6813
3698
6607
7316
7591
4396
4553
3804
4816
5767
4940
1791
3810
6906
7207
3940
4250
6606
1145
4093
1362
7548
6067
6849
2652
6935
49
2855
6159
6357
3651
1850
5252
5748
6328
4800
1623
7335
4527
5913
679
6677
4809
6834
4491
545
6899
1624
484
2662
3959
6512
5090
2607
3401
7433
1912
3620
1735
6392
3978
292
5267
6759
2853
2908
2726
3116
5266
4488
6510
6926
4850
5438
1427
4206
4404
1952
4880
6263
42
7721
3965
5513
7074
47
2072
35
2019
6848
5322
2388
6044
571
1287
111
7700
5794
951
57
5509
5089
1442
1418
5302
4396
7448
6765
3138
3664
1776
1505
2146
2045
7620
4789
3189
363
593
160
2323
4182
967
468
1946
295
6294
3929
3370
5500
5683
3928
3636
6290
6542
114
6757
3978
3857
6568
1183
5452
4603
4042
5529
1484
4355
1852
4638
1077
691
7776
1845
3100
3400
3671
6813
6077
2587
2323
6275
5238
4437
4257
2403
3405
710
3307
6080
2046
1055
4742
7349
2611
7017
6376
7106
493
2644
499
3627
5123
3484
2307
2029
2482
6815
4746
1061
7445
1127
1602
6637
4016
2915
7567
5640
1276
5782
6739
24
4589
5196
2388
5142
3560
7511
3584
2871
1321
3385
4733
85
1175
5684
3158
4902
697
2506
7626
2133
848
2398
5223
6932
6222
7401
2069
3059
7329
6445
4972
5888
4969
2536
3048
6411
2880
7227
6868
2660
1084
61
5776
7750
5384
7508
5231
2761
5312
897
203
7714
2132
1036
805
6186
6577
4759
2971
6369
2413
440
3895
5652
5604
4567
7317
1749
7002
6821
1119
482
2783
1768
4969
4631
5077
5057
3291
2160
1622
7433
6734
941
4746
7017
1981
3967
997
6136
3387
605
2202
4086
7381
4123
440
2296
3465
5943
7547
6284
5915
5394
7540
5236
6437
2832
2735
2168
216
530
573
2875
5996
5960
4191
1740
1202
4670
3927
2716
5843
1211
3070
1442
5312
2776
7629
4638
4632
164
7315
3815
2770
4594
7458
5282
6751
537
829
6746
2991
4879
6632
1875
6831
3273
7073
3998
713
2621
6045
737
6064
2994
2965
4330
5745
2067
783
1495
4277
329
1706
5417
4697
2623
6342
921
1025
6684
1385
7679
2574
3131
2819
7090
5014
4313
5314
847
1143
6339
642
7437
2910
3728
81
1561
6227
4981
7086
3190
1526
6637
5012
2446
7578
559
2175
1016
1557
2246
841
6231
3744
868
3455
2686
4173
1364
4946
3908
6049
4753
4823
2947
7252
5183
4318
3463
1472
2400
2882
4577
6987
1518
1040
6549
6079
4652
5225
2254
2916
5315
7415
4679
7693
2936
7421
6691
3580
6710
4514
1693
7413
3675
1615
3097
7012
3250
3202
6720
188
6356
7240
2175
1812
7622
810
5879
249
6072
2357
5557
6229
2792
7104
2771
5725
6017
3578
7212
3339
6025
4735
6243
2639
4228
1327
7062
1130
2149
2814
78
494
2895
4080
5976
1657
7566
1258
2042
4445
5647
3632
4812
5478
1433
6633
5870
3469
6060
1120
4152
7547
978
6642
3567
280
4869
492
4821
5250
2189
7623
7015
5587
7265
80
3168
3894
1503
4357
7202
283
1924
4004
6252
1884
7720
1696
2024
1756
1116
3223
4786
5970
4972
2110
6181
2831
7583
5611
1662
1906
3833
5339
5958
5782
7602
4461
2090
843
4214
7229
5262
798
908
3985
4614
3622
2660
6601
5173
238
1263
5623
407
347
3673
7297
1658
1580
1013
1156
1396
2407
858
7317
4125
804
3174
4565
4760
682
1151
6018
5416
4174
4668
7605
5500
6983
942
1434
5057
4324
2827
701
5711
1446
866
2921
3281
2962
2196
5692
6623
6556
5385
660
4463
4006
1097
3304
5203
5493
7314
1857
5326
4262
6069
1583
4506
1732
3923
2829
6594
433
789
6501
1478
743
5780
3008
4496
4760
5241
2274
1031
4092
7563
2544
1782
1287
6530
5728
1898
4782
7321
5044
30
7316
1256
5115
4786
4585
5868
5605
7075
4545
4391
154
2205
6178
4638
7132
4343
3808
4173
3620
3191
6157
6003
2898
4191
821
2437
5261
4913
3886
6081
2435
1555
4412
484
7542
6937
222
2892
1351
598
1300
5372
670
3717
5881
5885
3366
6687
196
483
7115
1286
1836
3980
1536
5960
6370
597
4594
2725
5645
7323
800
3167
4531
2269
7757
6205
3747
719
74
5877
3066
3833
1690
1277
3738
7426
2482
4885
1877
7074
6824
5989
6949
6389
3634
1247
3646
4417
5142
1494
3632
1628
2300
993
7766
4758
3692
905
7355
1812
4370
4639
7324
2303
6948
4330
6271
6424
6210
2462
2445
5816
4207
7615
6787
5798
785
3677
2465
4105
49
696
6417
6746
1488
6937
312
3766
5783
379
1772
6875
2218
4478
4030
2988
1240
5106
3584
1119
6749
3674
5969
2580
5855
4756
6677
370
3721
5690
6392
304
5753
2319
3396
770
7749
2313
6231
4688
516
5285
6353
3499
5612
4539
5727
4323
773
6057
2719
4085
5870
1185
1678
4786
4375
7184
7583
874
6167
5961
7090
5642
3768
3084
531
907
3717
7205
5461
5526
161
2980
2840
296
6714
112
3203
714
133
1154
641
847
3078
3640
1249
3101
731
1357
3989
7355
378
7691
7242
4751
6577
4673
5449
4006
6907
5000
1927
1576
3709
5223
2219
1506
3186
6689
6116
4911
6414
475
1864
5493
3348
5904
2609
88
1958
6853
159
5993
1563
7206
5967
1087
2640
6985
4670
2687
5109
5969
4556
110
5106
7652
7468
3764
3250
6303
1380
3583
1066
867
6806
7194
1695
6969
803
4114
5897
2075
1994
5626
7343
85
5040
6655
2168
3842
6843
3215
2761
4921
2853
2275
6016
7130
509
3339
6608
6639
4309
5511
4471
7678
5894
5952
2892
1643
3135
216
180
3108
3950
1130
4982
923
928
1883
913
606
359
2318
3312
123
3143
2770
5892
3088
3931
2192
3972
6874
4180
7427
6012
2565
6633
1468
2450
4352
5825
2886
2686
4068
5991
7567
6972
2863
5409
1727
5827
3145
291
4633
1464
7398
4940
3399
4344
2293
3602
1182
6889
6303
2551
5820
4645
1252
4193
1241
2745
58
6051
263
7360
603
2263
5650
2187
5198
5344
6364
2068
5373
1932
6881
4720
3282
6870
5517
4155
7612
490
7642
2867
5231
452
4145
524
2932
514
5129
5977
5066
6621
3580
2613
7104
7591
4623
5382
4064
5475
3685
5219
2580
337
7107
2598
3338
7157
805
3259
2429
1140
6775
2997
1998
549
3793
3788
6282
5825
1351
3378
503
1583
3564
3962
1528
1251
912
6704
4557
2598
4138
404
3337
2004
3983
4041
7324
2567
3138
2921
4600
5147
1855
7100
5596
4846
6014
2195
2671
3129
1177
3467
6792
1123
987
3720
3909
1889
7530
3996
3708
3873
2941
5499
4971
1465
5625
6927
1742
5230
1029
4880
7187
1293
2697
6942
5535
4028
5375
344
4880
3973
7286
2123
7474
6310
6390
4907
4713
5281
2577
5113
2654
7617
5746
5693
6504
4445
5141
4683
329
3492
5595
1362
4279
7327
5161
287
3962
1226
1955
2191
6335
4974
5248
7259
6246
7559
5075
3319
3563
6576
2940
4138
5237
4912
5011
4369
719
383
4573
2760
1952
2859
3547
717
4700
1759
4470
4138
5034
4100
5066
2949
6980
4526
5353
5303
3336
2936
145
7174
6665
2029
2649
5393
6901
5901
4269
7544
3680
4852
5575
2212
2000
3189
5709
7043
6366
400
7342
1045
4321
4675
1281
2041
761
5804
6439
5621
3994
1306
5270
4893
2408
5233
5319
5792
1126
1359
872
201
1172
4679
1823
929
6717
1548
545
4329
5193
1584
167
1257
5461
5260
7310
2102
6415
2181
2296
3418
766
6428
6610
1573
4549
3952
6797
1655
7276
3388
1096
3942
2584
4073
372
849
7718
1292
3232
3455
3542
6142
1542
6830
5734
1024
1629
5719
5445
3381
3407
5013
3425
1449
6678
3609
3559
1443
1905
534
7094
5831
1480
2101
3935
4554
5869
1714
6102
161
1954
394
6544
7158
856
6034
1112
872
3179
5983
1156
5154
145
2718
3813
7672
6258
1998
1125
6161
3608
3047
3727
486
2533
616
3910
351
2599
813
4527
154
7522
5042
2419
41
4569
1931
6891
4973
5490
5891
435
7477
3531
4300
3889
3737
6033
4896
7248
4851
718
5291
4940
6355
4236
3027
6796
924
483
2594
2223
4188
218
4588
664
1264
7427
1244
4477
5045
3428
455
7721
7380
4122
4278
2014
4619
721
6647
3838
676
5799
2370
4426
6936
2794
4575
671
6735
1149
3158
4620
3432
3288
5286
7569
1866
1370
6301
4847
3501
7581
3210
3924
1400
674
2022
3565
1040
694
6064
3117
3624
2733
4717
3975
1646
292
1523
256
4368
4621
173
4819
5863
7005
986
5166
7399
2707
6158
7064
909
3507
4329
7533
1564
1383
574
5335
4266
7210
62
2529
405
29
1098
2618
4179
51
4035
2808
447
6070
1003
2998
1057
3820
4516
7496
4859
327
1892
3472
2324
7491
4232
4023
6550
1568
5607
4266
5745
7367
3214
3341
1059
7122
4398
3302
7223
7116
2056
896
4907
2078
1818
5441
5094
6302
5829
3645
500
7725
7751
4374
7481
4957
2145
4100
1935
3925
5109
3291
3255
431
3779
3529
2843
7550
5215
2094
2995
6650
4734
1538
6402
2519
3807
7067
2805
5062
768
1439
198
4953
927
517
4304
938
5712
1365
1166
7464
3643
2637
4103
5001
83
7694
7485
2872
447
2696
1246
1916
1751
1134
5946
5289
364
238
1245
2792
1039
4561
6254
7719
2719
7271
721
7638
3327
4371
6739
104
6217
3777
1515
4225
4490
3478
2390
6806
7458
5711
1979
6828
5964
5629
3801
7762
1384
5960
3833
3849
5926
4786
3406
3082
7231
7734
5354
4078
4186
6984
4331
5519
2306
6629
5845
4061
3283
1680
2990
1236
5485
7659
4519
4761
2397
6480
5718
4424
5199
6921
2404
2174
1874
962
164
4515
2561
859
7625
3907
2179
2034
1559
1428
573
3850
2307
6263
802
3979
4601
5744
2599
5862
2408
1926
1887
1857
5757
5683
7622
4028
6581
2532
1588
1994
4928
4672
2846
2946
67
1994
7490
3256
6381
1004
1526
7253
2421
1084
3929
3259
3205
141
6578
5300
6881
332
1068
4742
4008
3969
5298
5893
5498
1202
2108
2148
2972
862
1716
6399
53
5843
2046
1646
3459
5745
5328
1341
6423
6909
5284
4856
3505
7187
4683
221
1715
3106
352
2952
892
7672
5049
1825
5748
7767
5754
2557
431
3775
6578
715
4841
224
1561
104
2362
4793
4197
6719
4949
5180
97
2643
2589
4971
2881
4389
4435
1607
6019
7159
3039
6817
4200
7760
1671
3013
6691
5062
6938
2258
2094
5188
489
4423
2534
5819
5978
1261
2185
638
562
23
1786
7142
7520
7264
3984
1651
4461
2682
4758
4162
5740
6576
225
2376
6312
152
1479
5587
7488
4671
2275
522
5180
466
4739
7611
4094
7244
3998
1857
6339
4261
5670
5142
5212
4637
6344
7350
7600
6606
84
5946
2530
299
2486
6131
6948
3272
4143
6509
5164
5176
650
4367
3096
643
4221
4352
3836
3610
79
4854
2084
2381
5816
2455
5109
3559
3682
3400
4149
1830
5653
3981
2454
2595
3299
3832
4612
6890
7443
5234
6434
3285
1271
6887
6037
1557
7342
2785
7523
691
6280
589
7582
3199
6694
5953
3045
4030
5478
7538
4457
3744
7128
3765
4472
6382
5531
2351
1516
1608
3110
1767
7307
2777
2247
3575
5584
7468
7547
4195
4031
1542
6478
2160
4610
7260
2417
3199
2360
5203
4045
678
5866
1362
5377
3487
2878
7777
1744
1851
2481
5322
2717
5819
7609
1654
5661
4770
6339
2396
6524
7159
904
3875
4217
1462
7091
1722
5222
5785
2847
3979
1060
4007
3797
2466
4893
6263
4295
1594
2098
1075
3153
7209
865
694
2796
355
3350
2426
4153
7062
5858
6912
7766
5664
625
737
3335
2186
2655
4722
304
6031
4104
6398
4197
2223
5767
7623
5693
5811
6021
1688
7773
7262
1223
33
3878
1008
4631
6908
6552
6816
4186
3015
6028
2770
3581
6233
7546
5354
2885
5092
569
6481
4891
2677
2357
3600
3110
993
7312
2212
7086
9
2626
7481
424
6898
3770
1610
992
2159
5919
3297
3739
3647
2109
5788
2051
3437
6733
4184
938
3854
5282
6332
5277
6651
1986
144
5579
5100
2164
7081
3868
1138
5717
5296
3719
3510
2873
4573
3847
1997
2650
7063
6829
7085
4743
2241
2782
3288
1348
7200
1961
256
4353
6327
1622
3883
649
2769
6904
500
441
3642
5125
4921
2121
860
6263
6624
4403
4647
3693
1454
4408
6200
6170
3141
247
228
1046
7741
3538
3643
4282
3837
2369
5456
1384
3668
7692
5587
7639
4671
7167
4557
2076
6521
2223
6571
6155
5809
6737
6763
2340
5916
5347
327
4025
6223
7411
1862
5977
7447
4684
2775
619
5040
5047
223
5840
7424
5189
3522
5464
1803
3650
7270
4992
7720
1192
471
6440
6249
4396
7696
5426
1965
3654
2802
1860
7255
5925
3709
7727
7641
1671
3456
1303
5640
740
4119
1709
6289
3597
3403
4600
3366
6609
1637
222
3946
6900
6311
2207
1103
1590
7650
2450
6023
6842
7225
3269
3886
6641
4802
6999
611
209
6782
5651
3995
3093
5630
4448
4009
1556
1299
1555
2264
6675
2616
2647
5353
193
836
3310
1730
3304
1218
425
254
5359
7693
2959
3989
3149
2771
1950
5257
6893
5653
3140
1229
3204
894
1572
6821
1494
7767
5533
3329
116
3037
5228
2523
2478
2167
3300
5254
3381
6041
6157
715
3947
6675
4560
6354
2972
5313
6355
6564
6102
1840
490
1133
6261
3782
2088
7520
7168
457
4076
1837
1030
5859
655
5105
5673
971
7308
4432
4587
846
7706
4985
5765
6649
1166
1333
2286
6455
1825
1061
3395
7771
785
7655
1020
6191
1505
6505
7001
2402
2242
7264
6788
7630
1199
1744
1710
2725
6143
4854
4575
2285
5579
2046
7598
4921
254
3111
1385
1494
6822
4399
7087
5812
724
557
5986
1306
6296
3686
1574
2120
7022
7274
6158
6984
6217
725
6589
6095
1564
6687
6042
4496
4211
1635
2262
3299
3554
842
2547
5601
1962
1602
6333
1155
2122
1991
1762
3743
5043
4038
1370
7173
7522
285
2893
3228
6758
7464
5126
6861
1091
1518
566
3019
6525
1410
7659
5408
197
3612
1985
2231
3221
7205
4046
1088
2667
4580
2323
450
6818
1792
6443
1759
1486
7156
4224
4421
37
4938
6911
175
1787
3736
7745
5865
7659
4695
1925
5524
350
4273
3086
4082
6984
5842
7430
2320
915
5976
4685
7362
2905
1599
3013
6647
2031
3685
1501
2196
2115
3176
7391
587
5781
3692
2469
4523
7327
7154
1877
3930
4364
5999
402
4962
5234
2719
3366
5802
3876
6021
7501
2379
3540
2787
4192
4266
5168
3318
1272
2749
464
6138
5737
5962
1440
2057
6375
2092
5798
2930
898
6021
4640
6596
485
5329
4776
1213
286
706
2183
1508
1376
2984
5776
5033
6540
5021
7541
6234
1851
1234
5839
993
5602
2504
7388
4846
5205
1362
2949
6373
3455
1270
764
6648
5695
6504
7739
4793
452
7010
2278
5767
4777
4628
5246
452
6311
2090
497
5321
4780
4554
5140
4781
2671
6985
4404
6314
7039
3364
4267
7692
4603
3701
708
6521
3741
790
3885
510
7634
1700
2859
3622
1673
1537
1274
2662
1509
5236
6597
6286
2875
5327
5817
1250
1759
2326
155
2505
4181
4738
6596
6410
3907
2241
4187
3883
5753
259
1960
5705
4062
4678
5014
1179
2540
501
6996
53
6985
1980
6915
3551
3169
4249
4586
5077
5155
3701
5148
465
5934
5586
6392
2072
3233
3690
3190
3402
4529
7001
2874
2947
1668
1615
5494
3202
7089
425
6173
464
900
5575
4099
1400
3114
6970
1031
715
7176
2444
1527
3657
6144
578
3269
540
72
1111
3559
3635
4644
6488
4126
412
385
3190
348
7548
4823
3748
552
65
876
7003
7331
6465
1679
7148
5510
836
6634
1592
1953
815
6062
3877
2722
876
3623
3735
1517
3869
3853
3502
511
3826
5180
3491
2805
4964
1739
1401
3925
4769
1536
5995
5285
3235
2582
6228
6396
2742
2178
6998
243
1007
3098
2882
6371
5585
7517
75
4577
3711
7460
3412
520
4965
4593
4794
1515
3720
7091
5190
2304
6945
2837
518
965
2022
5768
3846
1622
2150
5551
1208
4299
2129
3777
228
1378
3669
858
5870
7406
7072
1758
4899
120
6152
218
3739
3047
5163
7422
7050
777
6894
893
841
3438
7721
6568
1631
5106
6041
6616
5113
7471
5613
2592
149
7375
374
5896
6356
4286
3345
7108
252
3355
6878
5475
4987
6958
4106
1744
1284
5372
5180
7376
2074
3681
6596
6439
960
831
1799
2952
5711
3317
3460
610
5338
5917
4196
6256
6706
3194
7422
4533
2667
318
3081
2004
4054
2896
2359
666
3663
6060
831
298
4612
640
6065
277
6338
4017
3166
4565
2748
1012
3694
5527
4834
5209
6133
2902
123
6490
6906
4162
3338
7493
2991
5327
5407
1398
422
1122
1301
3641
7062
4481
831
3621
6964
6411
7168
7722
5827
2044
7026
6395
4820
1487
3501
2917
1753
7310
5215
992
7051
2758
2223
3262
1196
2591
1949
1151
2339
2810
494
6653
2878
2291
1911
7141
5481
3188
4040
5436
4274
3177
2042
3651
928
1450
3662
6478
5501
6846
5470
218
6228
5313
7483
3545
381
7355
5333
5516
6472
239
5334
2188
3295
5180
7579
4311
5335
1559
5631
202
3829
1904
5054
3741
5785
7109
4986
5939
6725
7335
4681
2683
6896
5728
7495
1498
6844
2010
6554
6616
1666
931
966
5596
3224
2156
429
3790
5194
920
125
4182
625
155
5941
140
6482
4687
3200
4293
3483
1173
15
2360
3768
447
4864
689
3681
5021
2911
3139
3780
3674
7595
6327
1098
6829
7591
7510
4104
3192
6131
1418
3416
930
5486
6878
6053
503
7042
339
1403
4852
1045
752
7487
59
7449
5645
6643
2471
1929
1255
4272
2932
6938
442
5025
4733
330
7510
5500
3475
4791
2144
6
7601
1437
3889
3431
6864
7386
5714
4786
6475
5311
1131
6596
3871
3624
4782
4326
4433
6092
2583
5820
7746
1641
4811
2040
6997
978
5773
333
57
5827
5850
4397
2220
4015
3543
163
5508
3498
6673
3850
6018
4293
4386
3918
3549
3430
4031
4367
4517
5643
6393
1108
1246
1572
2433
3205
4282
4467
6503
3221
4329
2555
1454
1891
52
6965
1166
6668
1369
4778
6696
895
4461
341
2595
6778
4170
1748
6180
2862
2035
6641
6617
7531
192
3105
1652
5142
3749
6097
292
5505
57
6400
672
6018
5346
3604
70
5271
7221
4101
6068
1497
122
7363
5310
6086
4348
7353
2037
5341
5115
4862
3107
6185
701
4148
3178
4088
5174
7213
6285
4651
3673
1479
7380
5648
4437
5092
6121
6101
1989
4407
81
5738
3855
261
1354
2590
1550
1779
619
2086
3104
2742
7700
6772
664
4384
3215
4151
5649
2693
5125
5005
3918
2028
4623
589
78
2579
3503
5321
6596
1341
7517
3346
7008
3647
7772
6434
3151
2943
1178
2776
5470
3263
2312
1229
1668
2385
5503
316
5654
783
7669
1564
2504
6558
2056
5144
5332
1580
1102
5121
1260
3583
1102
7760
7136
4890
7625
6118
458
4139
4256
2137
3327
225
717
4393
2075
1254
7257
2315
4823
1408
6709
5094
4135
416
7703
166
927
226
5660
6035
6991
1451
462
783
2021
6441
6047
4082
2914
2248
3452
4936
5235
7675
142
6717
704
3367
1789
2142
6866
6837
2245
3606
6426
2842
5703
838
7703
850
3337
6577
765
4309
4821
1704
2564
3578
6263
6144
4160
2401
671
5297
3412
176
5437
6246
7221
5878
1692
5762
6400
6367
3087
4058
1414
6886
6151
2957
5872
4340
239
6311
2667
2905
2654
341
6209
347
2758
7566
505
2997
2083
2034
6432
1110
5274
7087
923
860
935
684
496
1149
912
2641
290
2712
7588
6052
484
6717
1367
689
4492
527
7741
6787
4795
5346
3285
2967
3469
3829
6458
7193
2332
4050
5371
3810
5112
7327
4183
3284
5465
3030
6194
4183
7506
2633
481
562
3686
1817
1875
2656
328
190
1069
3956
7374
3496
5817
641
3632
2338
5315
5061
3772
3284
5968
2335
971
6793
2808
3109
5026
3537
2145
1247
2553
1777
18
736
7658
1740
2287
1575
6351
6199
248
1273
4132
982
4330
6285
6320
5206
6559
5490
267
5169
5219
3424
3706
4028
2571
2485
4835
2434
7201
2344
3320
2695
3228
2708
6543
1197
4923
3360
3732
5083
3655
6728
7501
7286
3976
3351
3055
4742
7713
1018
245
875
1276
7106
1510
6913
5763
7545
2822
6416
1078
4285
4919
6709
6520
3845
1284
6284
3170
166
2974
7556
7660
6746
3257
4853
2860
3912
7059
1712
416
2759
3513
5505
4729
3027
2361
7054
6139
5677
3680
1828
6024
5875
85
6990
1994
1714
6792
7152
6403
5713
239
7647
7466
4403
2142
3606
6545
2830
1183
746
2288
3413
1329
4161
3086
5076
5859
3929
535
3276
3606
6402
546
4626
7257
2806
3066
7660
3127
7325
3316
4623
677
2842
1015
3246
1473
5330
1391
2432
4344
5523
3405
3501
211
3286
5595
1942
5117
6468
5485
3259
3631
1694
3884
3710
1354
7735
2192
1114
5677
4697
7556
6282
3740
1397
7638
2797
619
6234
7272
2709
3719
2082
2352
3598
3356
4491
1223
6374
7030
388
4980
3983
989
6751
730
1930
12
1269
4574
7391
1574
5844
2892
4921
1043
5117
4218
1876
4223
2711
3582
7582
5439
4139
3555
5351
243
5890
4755
4836
4815
1839
4336
157
1288
1377
5596
1699
5835
6591
1748
7343
5110
7562
1790
5355
6218
2627
523
5833
1525
4176
4618
4469
5490
972
3092
1829
7167
3702
491
5850
42
6822
7417
5156
948
6183
6305
47
3014
2876
5587
1607
2715
3954
3519
1593
3990
341
946
2709
3435
2424
473
6580
1339
6203
5760
7768
7081
5790
5179
4293
270
3578
6646
5321
5996
4446
470
5413
4391
2636
6639
32
1390
7401
3457
5551
1231
1689
4321
5527
1257
2513
640
6296
1538
1369
7310
1376
2590
6593
5212
5501
3952
5182
5251
5675
5575
5213
4421
6350
5117
2486
661
2389
5585
1751
3022
5314
5020
727
6797
1295
6491
2395
5344
6835
6058
3719
154
7128
7128
5106
5278
4207
7610
5124
5636
7609
5134
2652
7364
4906
2318
5621
1698
5352
4199
2727
807
4598
1575
1765
3896
5021
4515
2956
1817
3877
159
5473
6446
4584
1534
7568
5721
7734
283
7535
6653
222
6558
6643
6849
1916
6893
3265
6704
768
2693
3882
7682
7321
2180
6717
3413
4889
4904
5694
4957
6605
4537
6200
2440
1524
7672
3221
5806
6245
3567
3728
5889
283
1330
734
5040
303
4677
4504
1147
203
3100
6449
4202
5605
4442
5143
6398
4674
5618
1916
6269
919
6786
2198
2425
3097
3028
2546
5683
2800
5610
55
3073
4745
3931
2445
742
6964
3048
1747
1707
4101
5819
4728
7541
6211
4976
2002
6744
3968
7172
4017
6081
6496
3595
6780
2826
5301
6785
1893
3154
6026
2916
7631
722
7442
4972
4270
4439
5995
3573
143
7743
5005
5972
922
2956
5957
5197
1436
5524
5661
2887
6062
699
6056
2022
4239
343
1136
6871
2828
4690
4827
6096
5609
5912
6099
3437
1475
2443
487
5667
5943
5409
5390
3765
6636
326
5582
6332
4934
5055
121
3574
1998
6179
7335
7062
4697
2459
3309
4056
4529
141
6799
5660
6301
5947
3533
5321
1699
6251
2347
6267
1054
4978
7327
1628
3812
1893
3696
5305
4413
2147
7726
7186
3167
5932
599
7187
1540
3103
1838
5892
4236
6139
4257
2862
528
7377
6951
285
4690
4363
5131
7198
968
6368
1218
7596
1218
1748
5838
3172
5227
7750
4783
2905
4574
4931
2220
620
6397
5135
430
5492
1857
3198
3958
587
4826
2250
5883
5792
2732
7087
6003
3005
5557
5665
4125
2132
3705
5400
5856
6664
5218
3565
1113
5747
4888
7758
1547
4023
2255
203
3310
3484
4860
3724
7770
4849
4416
5487
2643
3731
5645
1569
2937
7577
2143
7620
3847
4506
7026
3316
5715
3382
3692
2822
1027
1164
6307
2147
1626
817
5244
3188
3054
7024
6202
5942
2605
1886
5821
3943
5877
6730
930
7601
2149
6798
1412
1361
7034
1528
6530
3432
7631
99
5313
1365
7096
5715
5945
6359
2109
4127
5654
5151
4416
1982
1428
970
2386
304
803
7694
6652
1396
704
4762
781
4433
1174
4305
819
6941
296
2084
5751
3608
7271
1789
623
6625
5966
5394
6003
4918
2071
4193
2501
3300
2153
5795
5960
2159
1048
5235
3167
5700
446
6997
3147
1814
6299
7065
2942
6496
6160
6124
4594
2458
4695
5664
3805
1859
7458
5475
7504
3655
307
1480
4713
750
3156
1620
7051
198
7515
5347
234
3287
1203
762
4443
774
7601
2111
2052
2580
3175
1239
5927
112
2670
1029
1938
4633
7510
698
3664
4915
4330
5186
7044
6190
289
7007
5699
5146
3867
6212
2945
7481
5825
7260
248
2592
1352
6754
2061
6744
3622
2568
6858
2336
7617
3530
1752
672
3348
3513
2702
2201
3103
7378
6354
4001
898
1947
1746
5819
1219
4530
659
2223
887
484
2384
6853
6630
6559
3335
7349
2800
4850
5243
1569
1938
7277
4225
2118
7459
2937
1712
3486
3867
7708
5892
3023
7285
2278
5362
5955
5867
1878
7389
4912
5969
3777
2781
6327
6631
1968
2390
1773
4916
7096
752
1065
6917
4893
4652
7526
7560
2143
7665
283
6882
2266
2361
7223
448
581
6293
1641
7229
4411
6966
6197
7516
3313
5923
5085
4476
6454
6199
3730
4531
6788
3253
4920
4439
2845
518
4060
7537
7105
4485
787
3294
3687
5104
2316
5754
2995
6806
4348
5424
4247
1265
554
6717
1229
1528
1534
2990
122
2783
6270
5222
6389
5752
1202
1409
4850
3293
223
5467
1304
2311
6545
3
3089
5737
1106
3344
2493
5575
4573
4613
863
2092
2688
6413
2305
5799
2460
5640
5941
854
5448
1575
4922
3530
4286
7432
6121
3588
7451
5934
3708
1711
6522
5431
2149
3229
3675
6017
1418
6387
4411
7106
4166
1699
6971
3140
329
4031
1991
3664
4759
2413
2992
6169
1871
1161
4751
7426
2356
2459
5585
541
3913
1201
253
3420
2563
2756
743
5179
1596
1119
6284
4331
7588
3616
2686
3739
6886
673
7126
7695
4068
5508
7439
1005
1702
3527
1815
3039
1788
3841
4974
6056
3904
5274
7287
4680
3431
10
750
6499
4805
860
619
7460
5072
1009
2300
454
2050
1851
4850
3356
7755
2173
6480
3929
7372
2480
5542
2330
5308
3138
6899
747
6973
5725
4602
815
2688
1508
6785
3625
4175
2423
3003
4894
1410
7565
1118
1701
5283
4246
6922
5788
7404
6524
7768
5048
6689
1940
4931
492
5212
6938
6193
3903
4361
2382
5865
3683
6454
7014
1687
2725
1482
3003
4731
6079
4259
4809
4405
5763
6019
1985
5140
7046
6790
255
4282
2593
2083
7533
6887
2162
6458
2222
1065
6887
2402
4903
6437
2886
3551
4632
7422
632
7599
4661
3950
4398
1725
4157
1432
6832
6668
7657
4287
6867
5708
1632
368
2101
2141
231
2184
3660
4329
3360
6232
708
718
3994
238
813
2377
5786
4865
6046
6633
4743
4632
3059
7187
2066
7002
6193
3085
5796
4429
6304
1439
5214
1226
6160
2100
6736
2304
1263
161
1935
3255
2888
3137
1454
2341
4705
1839
7319
5638
6563
4309
7225
2813
6731
4128
3268
3237
1316
7470
6042
6459
6962
3990
6189
849
6359
3875
6101
3274
6074
4585
2138
3072
1976
3000
1872
3433
2941
1310
1259
7677
2085
1160
4446
2889
6172
4867
7085
3272
3413
939
5432
5882
4206
6759
4322
3414
4690
1717
3096
4830
7151
1066
5648
6847
2467
1185
931
10
7233
6861
5030
1754
7395
3302
3095
5614
6388
1535
7398
7449
1809
6308
3706
2059
1525
2073
6955
4236
6048
7407
19
3234
3449
5827
4311
1236
2908
6305
5352
3092
1263
6529
7119
1717
4454
4681
5036
2821
1108
7611
2348
3638
3430
5005
5522
3482
3313
6603
3861
4167
1289
2194
3046
529
7356
2534
82
7525
4426
5395
2796
6021
1895
4069
3173
1245
3852
6898
1272
6078
6348
7252
2145
45
3552
5295
5683
1836
5484
7207
3352
6894
6942
6037
4797
3010
379
4466
1653
1858
6881
2330
2278
767
3505
6192
2006
1000
1540
2731
6295
4279
1418
2970
7723
1051
562
1292
163
4309
3372
2204
1362
3019
2151
3601
1441
5026
417
6998
1678
5991
4324
3398
1217
7763
3762
6070
5374
1161
5828
5011
4483
1838
6773
2208
3054
7753
4194
5526
3471
3587
5256
1965
4009
7039
44
3103
1570
870
3414
5362
685
2482
6981
610
7437
6482
5867
5877
4316
2148
6332
317
6867
1376
7094
1157
3858
432
2231
3394
6277
6092
952
489
6454
3323
771
6367
7393
5345
5486
3816
3803
4843
314
3267
3363
3973
1129
4485
3712
1838
5411
2459
4391
4794
3441
799
3312
150
6229
4500
1585
5685
6019
7411
1920
7214
1208
2837
3260
1310
534
4546
1961
6576
599
5045
4055
4142
5783
863
1182
956
7096
7444
442
5493
3960
4642
5275
3403
1268
334
5600
50
6594
4331
1437
4026
2981
7010
2048
4782
3888
3525
3673
7396
930
7122
2987
6113
362
1521
1990
4985
6303
1573
2078
6767
3670
2012
1159
3681
5829
3268
7176
6993
3170
447
5984
3149
7160
3179
5553
2580
4780
4997
4632
3885
5957
144
3898
4433
1084
4775
3832
3118
5534
3237
4987
233
3907
3030
3214
2733
4596
7462
5262
6766
1674
4750
4906
1169
7277
3581
7191
7516
7057
4030
114
2898
3708
2239
2603
2804
2695
4600
2078
5952
739
2290
7140
1532
5302
4716
5909
7644
6938
7747
6044
950
2377
4192
4500
5662
121
6082
2032
1699
6505
3249
5181
7169
2822
1432
430
6334
6649
2419
3789
5796
2458
3122
602
7200
1519
987
3724
2061
1643
2635
6991
5149
6099
6170
5106
6876
2635
3052
253
5151
1978
5410
1043
348
6860
763
6511
3972
6306
7378
7742
3483
2786
4197
7619
1015
970
1563
7031
4329
6222
869
2801
2705
2698
1448
592
2311
1039
6429
1261
1425
5343
1278
5874
5332
7367
6700
1695
7245
3014
5656
1010
4467
952
3512
1519
5957
2634
1442
5505
6458
4696
4324
1592
3310
177
6947
4110
304
7163
7320
2354
4101
7465
3332
1786
2042
7335
3593
205
1397
2554
3823
7096
3648
5825
2744
4100
6773
7624
5940
7395
7769
3278
2223
770
428
4973
5637
2924
6512
334
6229
6924
3607
5231
4780
1824
4047
1207
3636
2919
7277
3576
2341
2862
1705
3711
6208
5625
3694
414
6300
3005
7150
5647
3914
4254
2509
3977
5185
1726
4960
7593
1154
4983
474
158
7740
4219
2399
828
5101
1725
1192
5277
4227
3660
2377
4184
2949
6856
6757
4697
3098
4016
4440
5017
5208
7157
1890
6608
1481
2800
7524
7239
7425
7683
4481
3603
56
1113
6112
2381
2737
7724
7711
7087
531
1711
2361
4538
5861
360
5737
25
3537
7031
7080
4677
1038
6259
1937
3086
6484
4681
4658
1818
4303
7486
3559
5790
1279
6758
4281
7062
7565
6066
3791
4253
6511
2691
1055
1170
3945
3845
5116
6408
4327
1854
7015
883
1681
1282
5212
6076
4276
7653
125
7763
6645
98
7472
5860
2844
192
1519
6053
2162
4625
3620
6537
4649
1110
2908
5126
2707
1674
3555
6362
2899
5080
1742
2002
1975
6394
5432
755
2538
6637
1390
4493
1115
2067
6824
5753
752
4056
6146
3691
6449
1535
1440
6163
571
7242
729
3483
1022
625
7292
3807
1969
6228
1170
2232
763
5855
2673
1590
4464
6474
701
2372
7455
5699
6826
2894
206
109
6138
4936
1203
7680
1774
7750
1361
5061
6057
2663
1697
1596
3599
5960
3560
1384
848
7118
4439
5438
6817
1978
6102
1262
5162
132
4310
7402
7517
1143
3880
4212
6712
2137
949
3595
952
7498
5685
618
6032
2026
5168
17
7053
2093
4150
1617
3227
5883
2942
4659
2015
7270
7459
7194
3046
6720
3441
4471
4293
5001
3248
1354
1236
3884
138
5766
1598
3263
1846
1429
6220
2730
5786
3303
3643
5274
2606
4465
5284
3322
7640
2577
508
7311
2366
5021
2436
7038
4043
3079
4884
975
210
1248
3771
930
6485
5117
1754
524
985
752
7722
1320
2340
7029
6582
5425
1465
2405
3078
6281
7210
2158
3021
1267
5440
6001
6105
7674
2130
2480
4429
7740
673
644
7158
5313
2031
7124
1408
2598
450
1750
234
3019
3398
3689
2178
916
5457
1073
1552
7505
962
1555
1846
844
3370
4144
4287
3184
4456
5984
325
4579
7309
3983
2741
3217
6923
6336
6985
4515
5631
7663
6053
4198
223
4622
7404
3691
5591
4458
2377
1820
4607
7285
7162
254
5516
5279
4781
6819
4183
352
4060
6403
7613
5213
3404
4354
923
298
6589
2248
5295
5206
42
2332
4492
1206
1977
6276
7139
2074
4826
7464
1247
3205
7158
2341
3268
4637
3185
1801
7738
862
7275
1482
16
4622
3816
5103
2068
100
5422
5611
5395
7290
4979
6228
6942
1415
3249
94
4309
875
240
3113
4807
3613
5840
3666
5401
2370
6011
3700
95
2573
7025
4652
7520
2376
6196
1493
3073
2565
837
4283
820
3435
647
3755
804
5662
44
2314
6591
4717
2854
2245
6470
7703
2417
4666
5516
6466
1707
4485
126
5031
817
4346
4959
3744
6627
1493
2656
5717
2024
7503
5617
603
528
7622
3942
3558
5978
1807
4009
7446
4221
4325
2437
7029
1698
2085
2141
3617
123
4335
7719
5404
1975
1762
4877
1035
224
1608
3487
1438
4884
5781
5605
2836
4457
4207
5800
3284
2842
6955
7380
3525
2893
5557
5806
3217
4966
6481
5360
3019
4315
2903
2072
2830
1439
6080
2589
6107
1286
1653
3963
3646
3751
6279
564
3548
2224
3771
6361
4109
3453
4791
4150
4520
4344
3108
7554
906
754
3131
2783
1468
4140
563
2858
2304
4335
5150
2092
5138
4542
7173
3265
6980
4969
5763
7702
2158
904
1501
3258
1512
4581
6438
4791
3120
2834
4465
7190
3159
6078
219
5361
5840
3294
5776
3691
6449
5203
1116
2259
2864
259
50
242
4347
7327
6113
6941
2279
2021
1048
906
5460
4900
3883
4770
5241
3518
6927
294
5440
6487
4864
5882
184
5916
5778
7342
6833
6885
5955
1663
4630
434
5627
5574
4970
7675
6296
3009
3136
2454
3340
6661
5729
6335
5267
5978
1884
3146
5570
4607
7609
1003
895
1765
1319
5529
5596
3260
2042
1404
847
2580
2365
2198
3587
1106
2413
4506
5782
6030
3651
7388
3447
2342
4826
2670
4842
389
1298
3243
2446
4130
1160
312
2225
510
4604
3546
7062
174
7526
2279
3228
2504
7239
1192
5350
5781
5334
3392
7759
4484
7527
4787
7158
3886
5727
5989
338
5398
902
5210
5372
1764
5573
5418
6862
3922
2648
6776
1716
1000
6663
7724
4348
396
705
4365
6327
3193
2647
4831
2683
4425
2121
6356
1172
3036
5004
5937
7215
6961
3949
6797
4626
5519
2151
1766
3207
6085
3083
57
4804
1723
2464
7505
6735
6004
2211
7200
3591
6859
6977
1719
6058
6638
528
3360
5225
4939
2987
5695
3668
1066
7066
3825
1450
6600
2512
3816
1400
1214
2616
6772
2063
2576
2721
6230
2155
1696
864
1464
5061
2656
1412
5903
6573
3384
3019
4491
48
2221
3750
6344
4717
5227
1430
1057
6673
7718
6787
6210
309
5272
6806
48
7602
4310
4695
4748
2819
691
3759
1837
3001
5641
3435
6587
7337
6413
6133
4140
7262
6083
1033
5711
4852
4987
7020
4989
5600
4405
3157
947
2904
1910
6124
2952
3457
1209
6577
5755
5309
3363
2696
1955
1254
1826
1041
4475
813
1241
1113
1608
6219
6095
650
43
3092
2661
3868
2463
1911
985
4847
2244
6145
3266
5508
484
5788
5850
2928
847
7750
3281
3133
3770
6781
4331
6036
1109
5745
2678
4451
5169
2775
2573
5497
182
5467
1085
5258
6736
4469
2886
4040
5206
377
3988
2428
1668
4987
624
6889
5109
6361
200
2627
7438
4948
2263
2857
1716
6659
5530
7773
1522
5011
6532
5941
3887
1051
4048
4585
3834
7614
4725
2128
6617
5455
3457
2898
6782
1317
6544
1944
3152
6371
571
404
4528
220
648
6785
4366
2038
5433
6505
3410
3110
3342
2801
5986
964
6185
1959
5248
7682
1394
3534
6196
7501
6772
1539
242
7777
1048
5989
4911
4532
1674
3082
1753
1712
7527
2138
2640
1727
402
2313
427
3957
624
4605
3581
4251
7321
5562
900
5225
2697
343
7765
2378
612
7375
4168
739
7524
2739
5104
1560
2154
7083
1355
4164
3228
5404
5707
793
310
6549
3533
7675
957
2998
181
3408
724
3870
2915
4589
991
6042
884
2016
1190
2574
2069
1136
2718
999
5799
1714
3951
526
4243
7089
4564
579
1929
3732
1521
1928
541
7773
4389
191
4886
2333
1358
5962
5212
6953
4601
2294
4608
7464
7090
1351
974
2315
3655
158
4859
3425
1755
4026
889
6012
2322
7219
2088
1787
557
6309
5314
3225
5748
6791
7178
3930
1393
6024
2785
731
902
4821
6163
7018
858
2941
2566
5103
3541
5773
818
403
2744
6549
528
6336
1473
5146
2804
619
4036
1373
2369
3053
6207
6125
1201
2353
4595
381
4577
7660
731
3434
636
3287
3248
5844
3888
650
1625
5814
2537
4884
2726
2380
1460
1516
4645
7425
6255
1094
7645
2302
758
3961
4099
5597
1197
7129
3521
6511
4951
1805
4691
5617
3351
3113
5120
1687
381
6043
6490
4785
848
3595
349
915
7431
4975
5006
5542
6737
7078
2489
127
6681
7127
7752
97
5327
1927
4495
2362
3185
913
4117
923
7714
5333
6437
7029
2925
1034
1082
2945
7184
5856
6601
5372
664
7432
179
641
2428
1915
4924
6192
4272
268
4246
6895
5098
5193
3163
7643
4894
7353
5044
5591
1299
5826
2908
4791
2785
3082
5605
2294
7548
1058
6828
3196
7640
3533
6
282
5099
6345
4880
396
2888
2206
4641
4809
5387
3219
50
7650
1485
4747
1286
4641
5168
402
1956
1393
5000
4630
1054
4330
6795
510
3592
3156
4874
6114
914
167
5029
4008
7666
4880
7015
2703
6229
7072
4512
632
5584
3505
1537
6395
1617
5301
339
4979
1888
1296
1890
2033
5047
3454
3797
4213
4267
6375
2975
5323
787
1372
3870
2825
2033
7058
6020
3683
149
7363
472
5533
7351
6042
1321
3838
6075
3467
1920
3605
388
3937
7236
3374
531
3262
2499
5341
3925
707
1822
933
3767
4768
2706
2847
6175
310
3180
2393
4915
5102
3889
7622
4582
557
7248
6114
5258
7060
4836
7100
5103
3596
7250
3497
1215
5148
509
5194
6292
5714
7370
2840
3355
2065
3628
6667
1102
6228
2326
5944
5307
5013
7119
7631
4882
2968
5241
2482
6504
3510
7236
649
3551
3897
3318
153
998
4240
5802
3646
1109
998
5107
3647
2097
6268
5391
6278
4159
4553
2672
3363
2731
2615
6738
855
2634
1301
5350
272
5302
7480
6581
2019
5120
4125
2645
684
5686
4317
7632
63
2881
6233
2929
4991
1790
979
4807
4731
6597
197
5691
116
2054
6211
5518
4216
5194
4127
2198
1769
6917
6055
3428
951
3504
173
7350
7604
3130
1163
6664
821
7161
5674
7331
386
6951
6878
7768
6455
4617
5732
6843
2375
1015
5909
5572
6316
1881
5442
2892
1780
1018
7497
1229
1395
3448
3980
5901
2506
114
463
7090
6194
440
1028
6796
4049
6572
4845
7131
3491
3349
5435
7130
1538
1671
2479
4314
7688
4083
2062
1857
2010
2080
3019
6039
7142
6825
7593
1884
2180
5431
4133
5745
3832
4218
2125
5164
5124
257
7356
1336
385
5434
5879
1725
1814
1086
6574
4918
7363
4833
5217
7602
7226
3898
1021
6692
1416
795
4609
6228
4182
1943
87
5433
3834
1607
5971
7757
6770
2636
2083
3212
3885
3633
5877
3984
1405
4047
4451
6262
1862
1717
3575
846
7128
7656
5452
1546
2075
6400
2906
4547
4609
4819
5983
1917
2633
6971
6926
3036
6219
6618
4883
3979
4636
4712
6302
7644
1190
7257
2951
7375
507
1472
6000
6784
2227
2998
4412
5695
1889
4819
1432
4598
6440
7642
7526
2892
4037
2558
3031
5901
5236
2692
540
5199
1448
2915
1477
7738
5904
5552
2080
6922
6490
2368
4638
5402
7648
7083
3991
3655
7765
1813
4933
4408
6744
6934
5192
5072
185
2615
2361
3201
449
3729
674
5928
2005
259
2670
6352
6140
693
197
1628
6480
4945
2185
2589
7616
2223
2347
6940
3933
948
2752
1637
5565
88
2174
3259
1885
34
2194
7545
4079
1395
4958
3377
3938
7534
4265
7116
7300
1085
4566
3087
3761
533
6139
1512
4523
1490
1251
2675
6294
6129
1115
1383
1464
7278
7414
4191
5537
1619
7088
5541
5653
5840
1738
3214
6774
6575
5375
2307
481
744
4522
6836
5472
3674
1688
2579
3131
5117
4522
7107
1851
2901
3934
3003
939
4567
3199
2378
1653
305
4224
6566
2998
1444
4159
4487
4246
2114
5239
3120
3631
3614
4452
3148
6715
118
462
4773
3796
7123
7277
2367
2636
178
440
930
6744
5413
5612
7370
5523
4896
988
1520
5331
1391
1268
1964
7486
3797
7397
350
5767
3811
3816
2310
6528
939
5711
4455
828
1590
3182
1464
266
4064
2424
3389
4525
6725
3992
1918
5030
6757
4258
6550
4534
2747
6841
1988
1910
4465
5426
7117
4790
3442
5890
516
5181
4444
6672
3321
5427
281
5833
4309
3891
5447
2771
2902
6119
5540
1032
6003
616
4021
7502
1206
4060
1478
7627
1299
4986
5239
782
889
2795
1903
4655
6906
2226
1981
6025
6055
3764
3260
2604
4199
2102
793
6930
3569
5635
4678
1882
1756
1280
1640
5118
6007
476
1304
1545
2710
3247
5776
2213
1998
1666
7194
401
3440
6975
430
6545
3798
1844
4170
396
1984
455
3367
1223
136
7745
3480
2782
3139
3842
6729
6815
6
7088
4711
5288
1519
5748
2439
2830
4789
2819
3162
1263
4813
3075
3038
7511
1751
5523
2963
3848
704
6283
2118
1884
6068
7640
846
6472
2076
6016
7534
1462
1084
6862
5588
4116
1008
95
6074
964
6373
7228
976
6804
4536
3278
6934
6975
1497
1763
6618
7672
132
3578
4312
2036
2299
4314
6697
6029
4890
2750
2135
6526
1801
1871
2900
3268
6446
1587
5486
6468
4668
4056
7649
859
5501
3866
5663
6000
4114
7236
6206
7015
2898
7374
2497
7178
4983
4399
3512
3251
7420
814
2991
4762
5769
7599
432
6005
1522
4934
4965
5243
728
6221
1019
4204
6712
5948
606
3221
6894
1525
4162
6378
4953
7091
1887
7508
7253
4890
1835
3249
6006
1104
5675
5379
5121
3772
4244
7731
4385
5755
7510
2551
1458
4577
645
4275
4504
6398
1877
6922
5309
5437
2342
7673
5402
4944
3183
7630
1099
5300
6986
4698
1575
6979
3445
233
4059
1143
6187
2285
5003
2417
2100
1207
3290
138
5178
6918
4369
1228
6999
6319
4124
5027
1415
4631
683
5521
6929
882
5466
6486
1959
5190
732
298
4887
5609
6837
2598
4024
4316
5470
5442
5561
4119
7358
1581
2322
4088
601
5270
151
7035
2656
5190
7687
2995
5870
7103
4419
1051
3377
26
4838
2233
2166
5719
4074
6812
5161
2438
7608
6059
3846
3929
7358
6159
70
7467
804
1353
5438
6507
6982
2442
4731
6719
4607
406
5902
6373
5683
3152
1924
6469
2427
1578
3382
6042
459
3896
8
4413
3898
4626
3176
1754
102
2591
4073
398
2717
238
7145
6725
6667
1417
2794
4063
1699
7630
3929
4864
7366
1593
1292
3044
5053
5650
546
246
2384
6867
7319
163
1349
2595
2916
3006
6310
2391
1285
3672
5670
1486
911
4581
634
7526
2260
7652
1509
6146
7344
5468
5468
7398
1100
1346
914
1518
862
5898
2562
7592
4782
5297
2039
1333
2
4990
4219
3685
4095
2101
7512
2042
3137
2773
751
178
4468
1368
5095
1515
2072
2899
2410
6162
1322
6699
490
6739
4732
2053
7170
2282
2472
1446
6507
6508
3420
2680
5404
5181
6402
3103
1972
5185
6321
4301
3089
7191
6557
2360
5523
-8783
